000 00 000 00 010
001 00 000 00 00A
002 00 000 00 00A
003 00 000 00 00A
ERRO LEXICO: palavra inválida na linha 2!
[OPTIONAL] Comment: LEXICO: Não é um número hexadecimal válido!
ERRO LEXICO: palavra inválida na linha 5!
[OPTIONAL] Comment: LEXICO: Não é um nome valido!
ERRO LEXICO: palavra inválida na linha 4!
[OPTIONAL] Comment: LEXICO: Não é uma diretiva válida!
ERRO LEXICO: palavra inválida na linha 4!
[OPTIONAL] Comment: LEXICO: Não é um número decimal válido!
ERRO LEXICO: palavra inválida na linha 1!
[OPTIONAL] Comment: LEXICO: Não é uma diretiva válida!
ERRO LEXICO: palavra inválida na linha 5!
[OPTIONAL] Comment: Erro Lexico...
ERRO LEXICO: palavra inválida na linha 2!
[OPTIONAL] Comment: LEXICO: Não é um número decimal válido!
ERRO LEXICO: palavra inválida na linha 3!
[OPTIONAL] Comment: LEXICO: Não é um nome valido!
000 00 000 00 010
001 00 000 00 123
100 01 001 06 000
ERRO GRAMATICAL: palavra na linha 2!
[OPCIONAL] Comentario: GRAMATICAL: Mais parâmetros que o necessário!
ERRO GRAMATICAL: palavra na linha 3!
[OPCIONAL] Comentario: GRAMATICAL: Menos parâmetros que o necessário!
ERRO GRAMATICAL: palavra na linha 2!
[OPCIONAL] Comentario: GRAMATICAL: Outro token é esperado...
ERRO GRAMATICAL: palavra na linha 1!
[OPCIONAL] Comentario: GRAMATICAL: Diretiva desconhecida!
ERRO GRAMATICAL: palavra na linha 1!
[OPCIONAL] Comentario: GRAMATICAL: Outro token é esperado...
ERRO GRAMATICAL: palavra na linha 1!
[OPCIONAL] Comentario: GRAMATICAL: Valor fora do intervalo válido!
300 00 000 00 014
301 00 000 00 014
302 00 000 00 014
303 00 000 00 014
304 00 000 00 014
305 00 000 00 014
306 00 000 00 014
307 00 000 00 014
308 00 000 00 014
309 00 000 00 014
30A 00 000 00 014
30B 00 000 00 014
30C 00 000 00 014
30D 00 000 00 014
30E 00 000 00 014
30F 00 000 00 014
310 00 000 00 014
311 00 000 00 014
312 00 000 00 014
313 00 000 00 014
314 00 000 00 014
315 00 000 00 014
316 00 000 00 014
317 00 000 00 014
318 00 000 00 014
319 00 000 00 014
31A 00 000 00 014
31B 00 000 00 014
31C 00 000 00 014
31D 00 000 00 014
31E 00 000 00 014
31F 00 000 00 014
320 00 000 00 014
321 00 000 00 014
322 00 000 00 014
323 00 000 00 014
324 00 000 00 014
325 00 000 00 014
326 00 000 00 014
327 00 000 00 014
328 00 000 00 014
329 00 000 00 014
32A 00 000 00 014
32B 00 000 00 014
32C 00 000 00 014
32D 00 000 00 014
32E 00 000 00 014
32F 00 000 00 014
330 00 000 00 014
331 00 000 00 014
ERRO: Usado mas não definido: k
IMPOSSIVEL MONTAR CODIGO!
100 00 000 00 00A
101 00 000 00 00A
102 00 000 00 00A
103 00 000 00 00A
104 00 000 00 00A
105 00 000 00 00A
106 00 000 00 00A
107 00 000 00 00A
108 00 000 00 00A
109 00 000 00 00A
200 00 000 00 014
201 00 000 00 014
202 00 000 00 014
203 00 000 00 014
204 00 000 00 014
205 00 000 00 014
206 00 000 00 014
207 00 000 00 014
208 00 000 00 014
209 00 000 00 014
20A 00 000 00 014
20B 00 000 00 014
20C 00 000 00 014
20D 00 000 00 014
20E 00 000 00 014
300 00 000 00 001
310 00 000 00 12C
311 00 000 00 12C
312 00 000 00 12C
313 00 000 00 12C
314 00 000 00 12C
315 00 000 00 12C
316 00 000 00 12C
317 00 000 00 12C
318 00 000 00 12C
319 00 000 00 12C
31A 00 000 00 12C
31B 00 000 00 12C
31C 00 000 00 12C
31D 00 000 00 12C
31E 00 000 00 12C
000 01 310 05 300
001 21 310 00 000
000 00 000 00 064
001 00 000 00 064
002 00 000 00 064
003 00 000 00 064
004 00 000 00 064
005 00 000 00 064
006 00 000 00 064
007 00 000 00 064
008 00 000 00 064
009 00 000 00 064
00A 00 000 00 064
00B 00 000 00 064
00C 00 000 00 064
00D 00 000 00 064
00E 00 000 00 064
00F 00 000 00 064
010 00 000 00 064
011 00 000 00 064
012 00 000 00 064
013 00 000 00 064
020 00 000 00 064
021 00 000 00 064
022 00 000 00 064
023 00 000 00 064
024 00 000 00 064
025 00 000 00 064
026 00 000 00 064
027 00 000 00 064
028 00 000 00 064
029 00 000 00 064
02A 00 000 00 064
02B 00 000 00 064
02C 00 000 00 064
02D 00 000 00 064
02E 00 000 00 064
02F 00 000 00 064
030 00 000 00 064
031 00 000 00 064
032 00 000 00 064
033 00 000 00 064
300 00 000 00 001
301 00 000 00 00A
302 00 000 00 064
303 00 000 00 3E8
100 01 301 02 302
101 03 303 05 064
102 06 100 07 300
103 08 300 0A 000
104 09 300 0B 302
105 0C 303 0D 100
106 0E 100 0F 100
107 12 100 13 101
108 14 000 15 000
109 21 303 00 000
